height: 180
origin_x: -8.673613361018335
origin_y: -1.3988867326977745
origin_z: 0.0
resolution: 0.05000000074505806
width: 247
