angular_velocity:
  x: 0.0
  y: 0.0
  z: -0.00035601290978005425
linear_velocity:
  x: -0.00040904795767347335
  y: 0.0003169331040860032
  z: 0.0
orientation:
  w: 0.5263753569366871
  x: 2.728167917337145e-06
  y: -2.1403963380172358e-06
  z: 0.850252305846771
position:
  x: -4.820893529592096
  y: 5.608726770970612
  z: 0.04999902015391022
